MEMORY
  total           14521 KB
  struct            159 KB
  buffer             25 KB
  arena           14336 KB, used 0.2%

SIZES
  narena                14680064
  nbuffer               25984
  nplugin               0
  maxuse_stack          4112
  maxuse_arena          32760
  maxuse_con            6
  maxuse_efc            24
  ncon                  3
  ne                    0
  nf                    0
  nl                    0
  nefc                  12
  nJ                    192
  nA                    0
  nisland               1
  nidof                 16
  ntree_awake           1
  nbody_awake           16
  nparent_awake         15
  nv_awake              16
  flg_energypos         0
  flg_energyvel         0
  flg_subtreevel        0
  flg_rnepost           0
  threadpool            0

TIMER
    0:  duration =  0.55       number = 30
    1:  duration =  0.93       number = 60
    2:  duration =  0          number = 0
    3:  duration =  0.54       number = 60
    4:  duration =  0.072      number = 60
    5:  duration =  0.018      number = 60
    6:  duration =  0.26       number = 60
    7:  duration =  0.011      number = 30
    8:  duration =  0.14       number = 60
    9:  duration =  0.097      number = 60
    10:  duration =  0.12       number = 60
    11:  duration =  0.17       number = 60
    12:  duration =  0.0021     number = 60
    13:  duration =  0.072      number = 60
    14:  duration =  0.036      number = 60

SOLVER STAT
  solver_fwdinv =   0         0       
  ISLAND 0
    solver_niter = 1
    solver_nnz = 256
      0:  improvement =  9.5e-05     gradient =  1.6e-16     lineslope =  0       
          nactive = 12   nchange = 0   neval = 2   nupdate = 0

ENERGY =   0         0       

TIME =  21      

QPOS
  -2.9     
  -0.96    
   1.5     
   0.19    
   0.014   
  -0.0068  
  -0.98    
  -0.0033  
   0.032   
   0.66    
  -1.3     
   0.39    
   0.006   
  -0.028   
   0.4     
  -0.76    
   0.34    

QVEL
  -0.062   
   0.076   
   0.043   
   0.023   
   0.037   
  -0.13    
  -0.035   
  -0.15    
  -0.03    
   0.5     
  -0.023   
   0.064   
   0.053   
  -0.13    
   0.22    
  -0.13    

QACC_WARMSTART
  -0.18    
   0.62    
  -0.73    
   0.096   
  -0.66    
   0.84    
   0.53    
  -1       
  -1.6     
   0.79    
   5.7     
  -0.73    
   0.42    
   2.2     
  -2.8     
   1.3     

CTRL
  -0.0014  
  -0.22    
   0.031   
   0.42    
   0       
   0.024   
   0.27    
  -0.16    
   0.97    
   0       

QFRC_APPLIED
   0       
   0       
   0       
   0       
   0       
   0       
   0       
   0       
   0       
   0       
   0       
   0       
   0       
   0       
   0       
   0       

XFRC_APPLIED
   0         0         0         0         0         0       
   0         0         0         0         0         0       
   0         0         0         0         0         0       
   0         0         0         0         0         0       
   0         0         0         0         0         0       
   0         0         0         0         0         0       
   0         0         0         0         0         0       
   0         0         0         0         0         0       
   0         0         0         0         0         0       
   0         0         0         0         0         0       
   0         0         0         0         0         0       
   0         0         0         0         0         0       
   0         0         0         0         0         0       
   0         0         0         0         0         0       
   0         0         0         0         0         0       
   0         0         0         0         0         0       

QACC
  -0.18    
   0.63    
  -0.71    
   0.099   
  -0.63    
   0.88    
   0.52    
  -1       
  -1.5     
   0.67    
   5.3     
  -0.72    
   0.42    
   2.1     
  -2.7     
   1.2     

TREE_ASLEEP
  -11

XPOS
   0         0         0       
   0         0         0       
  -3        -2         0       
  -5        -2         0       
  -5         2         0       
  -2.9      -0.96      1.5     
  -2.9      -0.92      1.2     
  -2.9      -0.92      1.2     
  -2.9      -0.87      1.2     
  -2.6      -0.75      0.7     
  -2.9      -0.91      0.23    
  -2.9      -1         1.2     
  -2.9      -1         1.2     
  -2.9      -1.1       1.2     
  -2.6      -0.96      0.63    
  -2.8      -1         0.059   

XQUAT
   1         0         0         0       
   1         0         0         0       
   1         0         0         0       
   1         0         0         0       
   1         0         0         0       
   0.19      0.014    -0.0068   -0.98    
   0.19      0.015    -0.0068   -0.98    
   0.19      0.018    -0.022    -0.98    
   0.19      0.33      0.04     -0.92    
   0.17     -0.31     -0.085    -0.93    
   0.19     -0.13     -0.051    -0.97    
   0.2       0.014    -0.0069   -0.98    
   0.2       0.012     0.007    -0.98    
   0.19      0.21      0.046    -0.96    
   0.19     -0.17     -0.029    -0.97    
   0.2      -0.00063   0.0045   -0.98    

XMAT
   1         0         0         0         1         0         0         0         1       
   1         0         0         0         1         0         0         0         1       
   1         0         0         0         1         0         0         0         1       
   1         0         0         0         1         0         0         0         1       
   1         0         0         0         1         0         0         0         1       
  -0.93      0.38     -0.031    -0.38     -0.93      0.0078   -0.026     0.019     1       
  -0.93      0.37     -0.031    -0.38     -0.93      0.0078   -0.026     0.019     1       
  -0.93      0.37     -0.043    -0.38     -0.93      0.037    -0.026     0.051     1       
  -0.71      0.37     -0.6      -0.32     -0.93     -0.2      -0.63      0.051     0.77    
  -0.74      0.37      0.55     -0.27     -0.93      0.27      0.61      0.051     0.79    
  -0.9       0.37      0.23     -0.35     -0.93      0.15      0.27      0.051     0.96    
  -0.92      0.38     -0.031    -0.38     -0.92      0.0078   -0.026     0.019     1       
  -0.92      0.38     -0.02     -0.38     -0.92     -0.018    -0.026    -0.0091    1       
  -0.84      0.38     -0.38     -0.35     -0.92     -0.17     -0.41     -0.0091    0.91    
  -0.87      0.38      0.31     -0.37     -0.92      0.12      0.33     -0.0091    0.94    
  -0.92      0.38      0.003    -0.38     -0.92     -0.0086   -0.00052  -0.0091    1       

XIPOS
   0         0         0       
   0.042     0.042     0.05    
  -3        -2         0.4     
  -5        -2         0.4     
  -5         2         0.4     
  -2.9      -0.96      1.5     
  -2.9      -0.92      1.2     
  -2.9      -0.89      1.2     
  -2.8      -0.81      0.94    
  -2.7      -0.83      0.47    
  -2.9      -0.91      0.23    
  -2.9      -1         1.2     
  -2.9      -1         1.2     
  -2.8      -1         0.9     
  -2.7      -0.99      0.34    
  -2.8      -1         0.059   

XIMAT
   1         0         0         0         1         0         0         0         1       
  -0.11     -0.71     -0.7      -0.11      0.71     -0.7       0.99      5.6e-17  -0.15    
   0         0         1         0.02     -1         0         1         0.02      0       
   0         0         1         0.02     -1         0         1         0.02      0       
   0         0         1        -0.02     -1         0         1        -0.02      0       
  -0.93      0.38     -0.031    -0.38     -0.93      0.0078   -0.026     0.019     1       
  -0.93      0.37     -0.031    -0.38     -0.93      0.0078   -0.026     0.019     1       
  -0.93     -0.043    -0.37     -0.38      0.037     0.93     -0.026     1        -0.051   
  -0.71      0.37     -0.6      -0.32     -0.93     -0.2      -0.63      0.051     0.77    
  -0.74      0.37      0.55     -0.27     -0.93      0.27      0.61      0.051     0.79    
  -0.23      0.37     -0.9      -0.15     -0.93     -0.35     -0.96      0.051     0.27    
  -0.92      0.38     -0.031    -0.38     -0.92      0.0078   -0.026     0.019     1       
  -0.92     -0.02     -0.38     -0.38     -0.018     0.92     -0.026     1         0.0091  
  -0.84      0.38     -0.38     -0.35     -0.92     -0.17     -0.41     -0.0091    0.91    
  -0.87      0.38      0.31     -0.37     -0.92      0.12      0.33     -0.0091    0.94    
  -0.003     0.38     -0.92      0.0086   -0.92     -0.38     -1        -0.0091   -0.00052 

XANCHOR
  -2.9      -0.96      1.5     
  -2.9      -0.92      1.2     
  -2.9      -0.92      1.2     
  -2.9      -0.87      1.2     
  -2.6      -0.75      0.7     
  -2.9      -0.91      0.23    
  -2.9      -1         1.2     
  -2.9      -1         1.2     
  -2.9      -1.1       1.2     
  -2.6      -0.96      0.63    
  -2.8      -1         0.059   

XAXIS
   0         0         1       
  -0.031     0.0078    1       
  -0.93     -0.38     -0.026   
   0.37     -0.93      0.051   
   0.37     -0.93      0.051   
   0.37     -0.93      0.051   
  -0.031     0.0078    1       
  -0.92     -0.38     -0.026   
   0.38     -0.92     -0.0091  
   0.38     -0.92     -0.0091  
   0.38     -0.92     -0.0091  

GEOM_XPOS
   0         0         0       
   0         0         0.02    
   0.4       0.4       0.3     
  -3        -2         0.4     
  -3        -1         0.01    
  -5        -2         0.4     
  -5        -1         0.01    
  -5         2         0.4     
  -5         1         0.01    
  -2.9      -0.96      1.5     
  -2.9      -0.92      1.2     
  -2.9      -0.89      1.2     
  -2.8      -0.81      0.94    
  -2.7      -0.83      0.47    
  -2.9      -0.91      0.23    
  -2.9      -1         1.2     
  -2.9      -1         1.2     
  -2.8      -1         0.9     
  -2.7      -0.99      0.34    
  -2.8      -1         0.059   

GEOM_XMAT
   1         0         0         0         1         0         0         0         1       
   1         0         0         0         1         0         0         0         1       
   1         0         0         0         1         0         0         0         1       
   1         0         0         0         1         0         0         0         1       
   1         0         0         0         1         0         0         0         1       
   1         0         0         0         1         0         0         0         1       
   1         0         0         0         1         0         0         0         1       
   1         0         0         0         1         0         0         0         1       
   1         0         0         0         1         0         0         0         1       
  -0.93      0.38     -0.031    -0.38     -0.93      0.0078   -0.026     0.019     1       
  -0.93      0.37     -0.031    -0.38     -0.93      0.0078   -0.026     0.019     1       
  -0.93     -0.043    -0.37     -0.38      0.037     0.93     -0.026     1        -0.051   
  -0.71      0.37     -0.6      -0.32     -0.93     -0.2      -0.63      0.051     0.77    
  -0.74      0.37      0.55     -0.27     -0.93      0.27      0.61      0.051     0.79    
  -0.23      0.37     -0.9      -0.15     -0.93     -0.35     -0.96      0.051     0.27    
  -0.92      0.38     -0.031    -0.38     -0.92      0.0078   -0.026     0.019     1       
  -0.92     -0.02     -0.38     -0.38     -0.018     0.92     -0.026     1         0.0091  
  -0.84      0.38     -0.38     -0.35     -0.92     -0.17     -0.41     -0.0091    0.91    
  -0.87      0.38      0.31     -0.37     -0.92      0.12      0.33     -0.0091    0.94    
  -0.003     0.38     -0.92      0.0086   -0.92     -0.38     -1        -0.0091   -0.00052 

LIGHT_XPOS
   0         0         0       
   0         0         4       

LIGHT_XDIR
  -0.41     -0.41     -0.82    
   0         0        -1       

SUBTREE_COM
  -4.3      -0.66      0.4     
   0.042     0.042     0.05    
  -3        -2         0.4     
  -5        -2         0.4     
  -5         2         0.4     
  -2.9      -0.95      1.2     
  -2.8      -0.83      0.72    
  -2.8      -0.83      0.7     
  -2.8      -0.83      0.68    
  -2.8      -0.84      0.45    
  -2.9      -0.91      0.23    
  -2.8      -1         0.65    
  -2.8      -1         0.62    
  -2.7      -1         0.59    
  -2.7      -1         0.32    
  -2.8      -1         0.059   

CDOF
   0         0         0         1         0         0       
   0         0         0         0         1         0       
   0         0         0         0         0         1       
  -0.93     -0.38     -0.026     0.11     -0.27      0.0053  
   0.38     -0.93      0.019     0.27      0.11      0.055   
  -0.031     0.0078    1        -0.018     0.044    -0.00092 
  -0.031     0.0078    1         0.028     0.063     0.00038 
  -0.93     -0.38     -0.026    -0.0057    0.011     0.049   
   0.37     -0.93      0.051    -0.011    -0.0018    0.048   
   0.37     -0.93      0.051    -0.44     -0.19     -0.33    
   0.37     -0.93      0.051    -0.88     -0.35      0.037   
  -0.031     0.0078    1        -0.065     0.025    -0.0022  
  -0.92     -0.38     -0.026    -0.0027    0.0099   -0.05    
   0.38     -0.92     -0.0091   -0.0099   -0.0046    0.048   
   0.38     -0.92     -0.0091   -0.52     -0.21     -0.2     
   0.38     -0.92     -0.0091   -1        -0.43     -1.6e-05 

CINERT
   0         0         0         0         0         0         0         0         0         0       
   4.5       4.5       8        -0.67     -0.47     -0.47      0         0         0         45      
   2.2e+02   6.2e+02   6.7e+02   0         0         0.98      0         0         0         1.6e+03 
   2.2e+02   6.2e+02   6.7e+02   0         0         0.98      0         0         0         1.6e+03 
   2.2e+02   6.2e+02   6.7e+02   0         0        -0.98      0         0         0         1.6e+03 
   1         1.1       0.064    -0.0067    0.13      0.034    -0.43     -0.13      2.3       8       
   0.0004    0.00072   0.0007    0.00018   7.7e-05  -3.4e-05  -0.0064    0.0028    0.0012    0.1     
   0.00057   0.00077   0.0011    0.0004   -0.00011   7.9e-05  -0.0072    0.0051   -0.0015    0.1     
   0.11      0.11      0.046    -0.018     0.043     0.039     0.099     0.13     -0.25      1       
   0.56      0.56      0.042    -0.018     0.064     0.074     0.11      0.11     -0.72      1       
   0.091     0.092     0.00096   5.4e-05  -0.005     0.0033   -0.0054    0.0034   -0.095     0.1     
   0.00074   0.00039   0.0007   -0.00017   3.8e-05   8.7e-05  -0.0026   -0.0064    0.0014    0.1     
   0.0011    0.00026   0.0011   -0.0001   -1.8e-05  -0.0001   -0.0015   -0.0088   -0.0012    0.1     
   0.12      0.13      0.024     0.0041    0.044    -0.011     0.11     -0.061    -0.29      1       
   0.75      0.76      0.024     0.0046    0.096    -0.044     0.13     -0.047    -0.84      1       
   0.13      0.13      0.0014    0.00014   0.0039   -0.0093    0.0035   -0.0083   -0.11      0.1     

ACTUATOR_LENGTH
  -0.0033  
   0.032   
   0.66    
  -1.3     
   0.39    
   0.006   
  -0.028   
   0.4     
  -0.76    
   0.34    

actuator_moment
------------------
       x          |
        x         |
         x        |
          x       |
           x      |
            x     |
             x    |
              x   |
               x  |
                x |
------------------

ACTUATOR_MOMENT
     6:  1       
     7:  1       
     8:  1       
     9:  1       
    10:  1       
    11:  1       
    12:  1       
    13:  1       
    14:  1       
    15:  1       

CRB
   0         0         0         0         0         0         0         0         0         0       
   4.5       4.5       8        -0.67     -0.47     -0.47      0         0         0         45      
   2.2e+02   6.2e+02   6.7e+02   0         0         0.98      0         0         0         1.6e+03 
   2.2e+02   6.2e+02   6.7e+02   0         0         0.98      0         0         0         1.6e+03 
   2.2e+02   6.2e+02   6.7e+02   0         0        -0.98      0         0         0         1.6e+03 
   2.8       2.9       0.21     -0.034     0.38      0.086    -2e-15    -1.9e-15   2.9e-15   13      
   0.75      0.77      0.09     -0.036     0.1       0.12      0.19      0.26     -1.1       2.3     
   0.75      0.77      0.09     -0.036     0.1       0.12      0.2       0.26     -1.1       2.2     
   0.75      0.77      0.088    -0.036     0.1       0.12      0.21      0.25     -1.1       2.1     
   0.65      0.66      0.043    -0.018     0.059     0.077     0.11      0.12     -0.81      1.1     
   0.091     0.092     0.00096   5.4e-05  -0.005     0.0033   -0.0054    0.0034   -0.095     0.1     
   1         1         0.052     0.0086    0.14     -0.065     0.23     -0.13     -1.2       2.3     
   1         1         0.051     0.0087    0.14     -0.065     0.24     -0.13     -1.2       2.2     
   0.99      1         0.05      0.0088    0.14     -0.065     0.24     -0.12     -1.2       2.1     
   0.87      0.89      0.026     0.0047    0.1      -0.053     0.13     -0.055    -0.95      1.1     
   0.13      0.13      0.0014    0.00014   0.0039   -0.0093    0.0035   -0.0083   -0.11      0.1     

QM
   13      
   0         13      
   0         0         13      
   1.4      -3.4       0.067     3.9     
   3.3       1.4       0.7      -0.01      4       
  -0.23      0.56     -0.012    -0.49      0.012     0.22    
  -0.2       0.3      -0.0087   -0.28     -0.052     0.11      0.1     
   0.39     -0.97     -0.055     1        -0.016    -0.17     -0.17      0.7     
   0.95      0.4       0.38     -0.036     1.1      -0.079    -0.027    -0.018     0.79    
   0.27      0.096    -0.22      0.026     0.3      -0.021    -0.0071    0.011     0.21      0.17    
   0         0         0         1.9e-06   0.00058   1.8e-05   1.8e-05  -5.4e-18   0.00058   0.00058   0.00058 
  -0.026     0.25     -0.0028   -0.21      0.055     0.052                                                       0.048   
   0.47     -1.1       0.096     1.3       0.016    -0.14                                                       -0.14      0.97    
   1.1       0.46      0.28      0.018     1.4       0.094                                                       0.033     0.012     1       
   0.31      0.13     -0.12     -0.016     0.42      0.025                                                       0.0077   -0.0064    0.32      0.17    
  -1.4e-17   0        -6.9e-19  -3.5e-06   0.00058  -1.6e-05                                                    -1.6e-05  -8e-18     0.00058   0.00058   0.00058 

M
     0:  13      
     0:  0          1:  13      
     0:  0          1:  0          2:  13      
     0:  1.4        1: -3.4        2:  0.067      3:  3.9     
     0:  3.3        1:  1.4        2:  0.7        3: -0.01       4:  4       
     0: -0.23       1:  0.56       2: -0.012      3: -0.49       4:  0.012      5:  0.22    
     0: -0.2        1:  0.3        2: -0.0087     3: -0.28       4: -0.052      5:  0.11       6:  0.1     
     0:  0.39       1: -0.97       2: -0.055      3:  1          4: -0.016      5: -0.17       6: -0.17       7:  0.7     
     0:  0.95       1:  0.4        2:  0.38       3: -0.036      4:  1.1        5: -0.079      6: -0.027      7: -0.018      8:  0.79    
     0:  0.27       1:  0.096      2: -0.22       3:  0.026      4:  0.3        5: -0.021      6: -0.0071     7:  0.011      8:  0.21       9:  0.17    
     0:  0          1:  0          2:  0          3:  1.9e-06    4:  0.00058    5:  1.8e-05    6:  1.8e-05    7: -5.4e-18    8:  0.00058    9:  0.00058   10:  0.00058 
     0: -0.026      1:  0.25       2: -0.0028     3: -0.21       4:  0.055      5:  0.052     11:  0.048   
     0:  0.47       1: -1.1        2:  0.096      3:  1.3        4:  0.016      5: -0.14      11: -0.14      12:  0.97    
     0:  1.1        1:  0.46       2:  0.28       3:  0.018      4:  1.4        5:  0.094     11:  0.033     12:  0.012     13:  1       
     0:  0.31       1:  0.13       2: -0.12       3: -0.016      4:  0.42       5:  0.025     11:  0.0077    12: -0.0064    13:  0.32      14:  0.17    
     0: -1.4e-17    1:  0          2: -6.9e-19    3: -3.5e-06    4:  0.00058    5: -1.6e-05   11: -1.6e-05   12: -8e-18     13:  0.00058   14:  0.00058   15:  0.00058 

QLD
     0:  9.2     
     0:  0.0091     1:  9       
     0: -0.065      1: -0.021      2:  11      
     0:  0.26       1: -0.63       2:  0.044      3:  0.49    
     0:  0.88       1:  0.34       2: -0.51       3:  0.0014     4:  0.53    
     0: -0.12       1: -0.26       2:  0.012      3:  0.0026     4: -0.062      5:  0.043   
     0: -1.2        1:  1.4        2:  0.091      3: -0.54       4: -0.19       5:  1          6:  0.061   
     0:  0.59       1: -1.4        2:  0.0044     3:  1.4        4:  0.013      5: -0.24       6: -0.24       7:  0.7     
     0:  1.2        1:  0.54       2:  1.3        3: -0.13       4:  1.4        5: -0.1        6: -0.034      7: -0.064      8:  0.51    
     0:  1.6        1:  0.58       2: -1.3        3:  0.16       4:  1.8        5: -0.13       6: -0.043      7:  0.069      8:  1.3        9:  0.17    
     0:  0          1:  0          2:  0          3:  0.0033     4:  1          5:  0.032      6:  0.032      7: -9.3e-15    8:  1          9:  1         10:  0.00058 
     0:  0.018      1:  2.7        2: -0.47       3: -0.78       4:  0.34       5:  1.1       11:  0.026   
     0:  0.46       1: -1.2        2:  0.061      3:  1.4        4: -0.0033     5: -0.15      11: -0.15      12:  0.97    
     0:  1.4        1:  0.55       2:  1.3        3:  0.13       4:  1.4        5:  0.12      11:  0.046     12:  0.065     13:  0.38    
     0:  1.9        1:  0.79       2: -0.72       3: -0.099      4:  2.6        5:  0.15      11:  0.047     12: -0.039     13:  1.9       14:  0.17    
     0: -2.4e-14    1:  0          2: -1.2e-15    3: -0.006      4:  1          5: -0.028     11: -0.028     12: -1.4e-14   13:  1         14:  1         15:  0.00058 

QLDIAGINV
   0.11    
   0.11    
   0.095   
   2.1     
   1.9     
   23      
   16      
   1.4     
   1.9     
   6       
   1.7e+03 
   38      
   1       
   2.6     
   6       
   1.7e+03 

M: inertia structure
------------------
 x                |
 xx               |
 xxx              |
 xxxx             |
 xxxxx            |
 xxxxxx           |
 xxxxxxx          |
 xxxxxxxx         |
 xxxxxxxxx        |
 xxxxxxxxxx       |
 xxxxxxxxxxx      |
 xxxxxx     x     |
 xxxxxx     xx    |
 xxxxxx     xxx   |
 xxxxxx     xxxx  |
 xxxxxx     xxxxx |
------------------

iM: block-diagonal inertia (nnzs are island ids)
------------------
 0                |
 00               |
 000              |
 0000             |
 00000            |
 000000           |
 0000000          |
 00000000         |
 000000000        |
 0000000000       |
 00000000000      |
 000000     0     |
 000000     00    |
 000000     000   |
 000000     0000  |
 000000     00000 |
------------------

TREE_AWAKE
  1

BODY_AWAKE
  -1 -1 -1 -1 -1 1 1 1 1 1 1 1 1 1 1 1

BODY_AWAKE_IND
  0 1 2 3 4 5 6 7 8 9 10 11 12 13 14 15

PARENT_AWAKE_IND
  1 2 3 4 5 6 7 8 9 10 11 12 13 14 15

DOF_AWAKE_IND
  0 1 2 3 4 5 6 7 8 9 10 11 12 13 14 15

CONTACT
  0:
     dim           3
     geoms         ground : left_shin_geom
     exclude       0
     efc_address   0
     solref         0.02      1       
     solimp         0.9       0.95      0.001     0.5       2       
     dist          -0.00072 
     includemargin  0       
     pos           -2.8      -1        -0.00036 
     frame          0         0         1         0.93      0.36      0        -0.36      0.93      0       
     friction       1         1         0.005     0.0001    0.0001  
     mu             1       
     force          63       -6.2       4.8       0         0         0       
  1:
     dim           3
     geoms         ground : left_foot_geom
     exclude       0
     efc_address   4
     solref         0.02      1       
     solimp         0.9       0.95      0.001     0.5       2       
     dist          -0.00076 
     includemargin  0       
     pos           -2.9      -1.1      -0.00038 
     frame          0         0         1        -0.92     -0.38      0         0.38     -0.92      0       
     friction       1         1         0.005     0.0001    0.0001  
     mu             1       
     force          28       -2.6       1.4       0         0         0       
  2:
     dim           3
     geoms         ground : left_foot_geom
     exclude       0
     efc_address   8
     solref         0.02      1       
     solimp         0.9       0.95      0.001     0.5       2       
     dist          -0.00068 
     includemargin  0       
     pos           -2.8      -1        -0.00034 
     frame          0         0         1        -0.92     -0.38      0         0.38     -0.92      0       
     friction       1         1         0.005     0.0001    0.0001  
     mu             1       
     force          24       -2.4      -5.2       0         0         0       

EFC_TYPE
  6
  6
  6
  6
  6
  6
  6
  6
  6
  6
  6
  6

EFC_ID
  0
  0
  0
  0
  1
  1
  1
  1
  2
  2
  2
  2

EFC_J
   0.93      0.36      1         0.12      1.5       0.068     0         0         0         0         0         0.017     0.069     1.2       0.43      0       
  -0.93     -0.36      1         0.069    -1.4      -0.065     0         0         0         0         0        -0.017     0.011    -1.1      -0.82      0       
  -0.36      0.93      1        -1.4       0.085     0.021     0         0         0         0         0         0.018    -1.1       0.078    -0.18      0       
   0.36     -0.93      1         1.6       0.027    -0.018     0         0         0         0         0        -0.018     1.2       0.018    -0.22      0       
  -0.92     -0.38      1         0.11     -1.5      -0.064     0         0         0         0         0        -0.016     0.041    -1.2      -0.9      -0.14    
   0.92      0.38      1         0.084     1.4       0.07      0         0         0         0         0         0.019     0.039     1.1       0.35     -0.02    
   0.38     -0.92      1         1.6      -0.014     0.065     0         0         0         0         0         0.064     1.2      -0.032    -0.28     -0.081   
  -0.38      0.92      1        -1.4      -0.034    -0.06      0         0         0         0         0        -0.06     -1.1      -0.032    -0.28     -0.079   
  -0.92     -0.38      1         0.11     -1.3      -0.068     0         0         0         0         0        -0.019     0.041    -1        -0.74      0.02    
   0.92      0.38      1         0.083     1.6       0.067     0         0         0         0         0         0.016     0.039     1.3       0.51      0.14    
   0.38     -0.92      1         1.6       0.14     -0.098     0         0         0         0         0        -0.099     1.2       0.13     -0.12      0.081   
  -0.38      0.92      1        -1.4       0.13      0.097     0         0         0         0         0         0.096    -1.1       0.13     -0.12      0.079   

IEFC_J
   0.93      0.36      1         0.12      1.5       0.068     0         0         0         0         0         0.017     0.069     1.2       0.43      0       
  -0.93     -0.36      1         0.069    -1.4      -0.065     0         0         0         0         0        -0.017     0.011    -1.1      -0.82      0       
  -0.36      0.93      1        -1.4       0.085     0.021     0         0         0         0         0         0.018    -1.1       0.078    -0.18      0       
   0.36     -0.93      1         1.6       0.027    -0.018     0         0         0         0         0        -0.018     1.2       0.018    -0.22      0       
  -0.92     -0.38      1         0.11     -1.5      -0.064     0         0         0         0         0        -0.016     0.041    -1.2      -0.9      -0.14    
   0.92      0.38      1         0.084     1.4       0.07      0         0         0         0         0         0.019     0.039     1.1       0.35     -0.02    
   0.38     -0.92      1         1.6      -0.014     0.065     0         0         0         0         0         0.064     1.2      -0.032    -0.28     -0.081   
  -0.38      0.92      1        -1.4      -0.034    -0.06      0         0         0         0         0        -0.06     -1.1      -0.032    -0.28     -0.079   
  -0.92     -0.38      1         0.11     -1.3      -0.068     0         0         0         0         0        -0.019     0.041    -1        -0.74      0.02    
   0.92      0.38      1         0.083     1.6       0.067     0         0         0         0         0         0.016     0.039     1.3       0.51      0.14    
   0.38     -0.92      1         1.6       0.14     -0.098     0         0         0         0         0        -0.099     1.2       0.13     -0.12      0.081   
  -0.38      0.92      1        -1.4       0.13      0.097     0         0         0         0         0         0.096    -1.1       0.13     -0.12      0.079   

EFC_POS
  -0.00072 
  -0.00072 
  -0.00072 
  -0.00072 
  -0.00076 
  -0.00076 
  -0.00076 
  -0.00076 
  -0.00068 
  -0.00068 
  -0.00068 
  -0.00068 

EFC_MARGIN
   0       
   0       
   0       
   0       
   0       
   0       
   0       
   0       
   0       
   0       
   0       
   0       

EFC_FRICTIONLOSS
   0       
   0       
   0       
   0       
   0       
   0       
   0       
   0       
   0       
   0       
   0       
   0       

EFC_DIAGAPPROX
   2       
   2       
   2       
   2       
   4.9     
   4.9     
   4.9     
   4.9     
   4.9     
   4.9     
   4.9     
   4.9     

EFC_KBIP
   2.8e+03   1.1e+02   0.94     -56      
   2.8e+03   1.1e+02   0.94     -56      
   2.8e+03   1.1e+02   0.94     -56      
   2.8e+03   1.1e+02   0.94     -56      
   2.8e+03   1.1e+02   0.94     -48      
   2.8e+03   1.1e+02   0.94     -48      
   2.8e+03   1.1e+02   0.94     -48      
   2.8e+03   1.1e+02   0.94     -48      
   2.8e+03   1.1e+02   0.94     -64      
   2.8e+03   1.1e+02   0.94     -64      
   2.8e+03   1.1e+02   0.94     -64      
   2.8e+03   1.1e+02   0.94     -64      

EFC_D
   8       
   8       
   8       
   8       
   3.4     
   3.4     
   3.4     
   3.4     
   3.1     
   3.1     
   3.1     
   3.1     

EFC_R
   0.12    
   0.12    
   0.12    
   0.12    
   0.29    
   0.29    
   0.29    
   0.29    
   0.32    
   0.32    
   0.32    
   0.32    

ACTUATOR_VELOCITY
  -0.035   
  -0.15    
  -0.03    
   0.5     
  -0.023   
   0.064   
   0.053   
  -0.13    
   0.22    
  -0.13    

CVEL
   0         0         0         0         0         0       
   0         0         0         0         0         0       
   0         0         0         0         0         0       
   0         0         0         0         0         0       
   0         0         0         0         0         0       
  -0.0036   -0.044    -0.13     -0.048     0.069     0.045   
  -0.0025   -0.044    -0.16     -0.049     0.067     0.045   
   0.14      0.014    -0.16     -0.048     0.065     0.037   
   0.13      0.042    -0.16     -0.047     0.065     0.036   
   0.32     -0.42     -0.13     -0.26     -0.031    -0.13    
   0.31     -0.4      -0.13     -0.24     -0.023    -0.13    
  -0.0055   -0.043    -0.061    -0.052     0.07      0.045   
  -0.055    -0.064    -0.063    -0.052     0.071     0.042   
  -0.1       0.054    -0.062    -0.051     0.072     0.036   
  -0.021    -0.14     -0.064    -0.16      0.026    -0.0068  
  -0.072    -0.023    -0.062    -0.025     0.083    -0.0068  

CDOF_DOT
   0         0         0         0         0         0       
   0         0         0         0         0         0       
   0         0         0         0         0         0       
   0         0         0         0.014    -0.041     0.094   
   0         0        -0         0.041     0.017     0.029   
   0        -0         0         0.076     0.061     0.0019  
  -0.043     0.0074   -0.0014    0.076     0.043     0.0028  
  -0.059     0.15     -0.04      0.015    -0.042     0.08    
  -0.14     -0.065    -0.14      0.038     0.011     0.02    
  -0.14     -0.065    -0.14     -0.0078    0.13      0.013   
  -0.14     -0.065    -0.14     -0.18      0.07     -0.22    
  -0.043     0.0074   -0.0014    0.072     0.054    -0.0011  
  -0.022     0.057    -0.038     0.018    -0.043     0.085   
  -0.057    -0.025     0.075     0.035     0.019     0.02    
  -0.057    -0.025     0.075     0.0089    0.025     0.069   
  -0.057    -0.025     0.075    -0.034     0.062    -0.0019  

QFRC_BIAS
   0.075   
   0.014   
   1.2e+02 
   0.68    
   6.9     
  -0.12    
  -0.089   
  -0.53    
   3.9     
  -2.2     
   6.7e-06 
  -0.028   
   0.95    
   2.7     
  -1.2     
  -8e-07   

QFRC_SPRING
   0       
   0       
   0       
   0       
   0       
   0       
   0       
   0       
   0       
   0       
   0       
   0       
   0       
   0       
   0       
   0       

QFRC_DAMPER
   0       
   0       
   0       
   0       
   0       
   0       
   0       
   0       
   0       
   0       
   0       
   0       
   0       
   0       
   0       
   0       

QFRC_GRAVCOMP
   0       
   0       
   0       
   0       
   0       
   0       
   0       
   0       
   0       
   0       
   0       
   0       
   0       
   0       
   0       
   0       

QFRC_FLUID
   0       
   0       
   0       
   0       
   0       
   0       
   0       
   0       
   0       
   0       
   0       
   0       
   0       
   0       
   0       
   0       

QFRC_PASSIVE
   0       
   0       
   0       
   0       
   0       
   0       
   0       
   0       
   0       
   0       
   0       
   0       
   0       
   0       
   0       
   0       

EFC_VEL
   0.0039  
  -0.0039  
  -0.003   
   0.0029  
   0.0046  
  -0.0036  
  -0.0014  
   0.0024  
   0.0036  
  -0.0046  
   0.0075  
  -0.0085  

EFC_AREF
   1.5     
   2.3     
   2.2     
   1.6     
   1.5     
   2.4     
   2.1     
   1.7     
   1.4     
   2.2     
   0.97    
   2.7     

SUBTREE_LINVEL
   0         0         0       
   0         0         0       
   0         0         0       
   0         0         0       
   0         0         0       
   0         0         0       
   0         0         0       
   0         0         0       
   0         0         0       
   0         0         0       
   0         0         0       
   0         0         0       
   0         0         0       
   0         0         0       
   0         0         0       
   0         0         0       

SUBTREE_ANGMOM
   0         0         0       
   0         0         0       
   0         0         0       
   0         0         0       
   0         0         0       
   0         0         0       
   0         0         0       
   0         0         0       
   0         0         0       
   0         0         0       
   0         0         0       
   0         0         0       
   0         0         0       
   0         0         0       
   0         0         0       
   0         0         0       

ACTUATOR_FORCE
   0.5     
  -2       
   1.8     
  -2.4     
   0.0023  
  -0.6     
   6.4     
  -0.87    
   23      
   0.013   

QFRC_ACTUATOR
   0       
   0       
   0       
   0       
   0       
   0       
   0.5     
  -2       
   1.8     
  -2.4     
   0.0023  
  -0.6     
   6.4     
  -0.87    
   23      
   0.013   

QFRC_SMOOTH
  -0.075   
  -0.014   
  -1.2e+02 
  -0.68    
  -6.9     
   0.12    
   0.59    
  -1.4     
  -2       
  -0.26    
   0.0023  
  -0.57    
   5.5     
  -3.6     
   24      
   0.013   

QACC_SMOOTH
   1.5     
   1       
  -3.1     
  -2.4     
   9.6     
   29      
  -26      
   2.4     
  -13      
  -6.4     
   14      
   39      
   24      
  -1.5e+02 
   4e+02   
  -2.3e+02 

EFC_B
   3.1     
  -1.8e+02 
  -1.1e+02 
  -70      
  -1.7e+02 
  -14      
  -65      
  -1.2e+02 
  -1.7e+02 
  -10      
  -71      
  -1.1e+02 

EFC_FORCE
   13      
   19      
   18      
   13      
   5.6     
   8.2     
   7.6     
   6.2     
   4.8     
   7.2     
   3.4     
   8.6     

EFC_STATE
  0
  1
  1
  1
  1
  1
  1
  1
  1
  1
  1
  1

QFRC_CONSTRAINT
  -4.4     
   7.7     
   1.1e+02 
  -2.1     
   4.4     
   0.77    
   0       
   0       
   0       
   0       
   0       
   0.68    
  -5.8     
   3.9     
  -24      
  -0.013   

QFRC_INVERSE
   0       
   0       
   0       
   0       
   0       
   0       
   0       
   0       
   0       
   0       
   0       
   0       
   0       
   0       
   0       
   0       

CACC
   0         0         0         0         0         0       
   0         0         0         0         0         0       
   0         0         0         0         0         0       
   0         0         0         0         0         0       
   0         0         0         0         0         0       
   0         0         0         0         0         0       
   0         0         0         0         0         0       
   0         0         0         0         0         0       
   0         0         0         0         0         0       
   0         0         0         0         0         0       
   0         0         0         0         0         0       
   0         0         0         0         0         0       
   0         0         0         0         0         0       
   0         0         0         0         0         0       
   0         0         0         0         0         0       
   0         0         0         0         0         0       

CFRC_INT
   0         0         0         0         0         0       
   0         0         0         0         0         0       
   0         0         0         0         0         0       
   0         0         0         0         0         0       
   0         0         0         0         0         0       
   0         0         0         0         0         0       
   0         0         0         0         0         0       
   0         0         0         0         0         0       
   0         0         0         0         0         0       
   0         0         0         0         0         0       
   0         0         0         0         0         0       
   0         0         0         0         0         0       
   0         0         0         0         0         0       
   0         0         0         0         0         0       
   0         0         0         0         0         0       
   0         0         0         0         0         0       

CFRC_EXT
   0         0         0         0         0         0       
   0         0         0         0         0         0       
   0         0         0         0         0         0       
   0         0         0         0         0         0       
   0         0         0         0         0         0       
   0         0         0         0         0         0       
   0         0         0         0         0         0       
   0         0         0         0         0         0       
   0         0         0         0         0         0       
   0         0         0         0         0         0       
   0         0         0         0         0         0       
   0         0         0         0         0         0       
   0         0         0         0         0         0       
   0         0         0         0         0         0       
   0         0         0         0         0         0       
   0         0         0         0         0         0       

TREE_ISLAND
  0

ISLAND_NTREE
  1

ISLAND_ITREEADR
  0

MAP_ITREE2TREE
  0

DOF_ISLAND            0 0 0 0 0 0 0 0 0 0 0 0 0 0 0 0

ISLAND_NV             16

ISLAND_IDOFADR        0

MAP_IDOF2DOF          0 1 2 3 4 5 6 7 8 9 10 11 12 13 14 15

EFC_ISLAND            0 0 0 0 0 0 0 0 0 0 0 0

ISLAND_NEFC           12

ISLAND_IEFCADR        0

MAP_IEFC2EFC          0 1 2 3 4 5 6 7 8 9 10 11

